#
#
0
7
#
#

#
#
260
200
0.9
#
#
-1.06658813968019E-02
-1.34228740372189E-03
2.60149992636061E-02
2.00975585266701E-02
2.07089671198341E-02
-2.29719125510019E-02
-5.41654966460189E-03
-1.91682505922819E-02
3.74796007123811E-03
-1.24900774636019E-02
-1.50708773603219E-02
-3.67247353704819E-02
-3.47744386653619E-02
-7.54607423058019E-02
-8.87692959724819E-02
-.196474274447882
-.216082699328282
-.299881285437482
-.364385576370282
-.531217618381082
-.665119892278282
-.854071153017882
-1.09722549418268
-1.36310038808108
-1.70244348839428
-2.08069379633148
-2.53780861024148
-3.03236095351748
-3.56068223997348
-4.07029037120548
-4.55835817987748
-5.06886382454948
-5.54710386105348
-5.86675327270948
-6.22053063292148
-6.46727951541348
-6.66195018054948
-6.81356263840148
-6.77972638171348
-6.74129036864548
-6.66856934216948
-6.61207087112148
-6.53304481272948
-6.36711701550948
-6.36922617209348
-6.33052090499348
-6.28362582775348
-6.32571920808948
-6.52424918101748
-6.66111998061748
-6.88107808692548
-6.86665055837748
-6.56037409697748
-6.13147486183748
-5.32315181993748
-4.55189608310948
-3.21789941940148
-2.08788287898588
-.322758903023082
1.03499045387452
2.63882453331852
#
#
0
