    .383    .158    .052    .035    .122    .250   6.000    .006    .004    .005    .008    .010    .010
    .383    .158    .052    .035    .122    .250   5.999    .006    .004    .005    .008    .010    .010
    .383    .158    .052    .035    .122    .250   5.997    .006    .004    .005    .008    .010    .010
    .383    .158    .052    .035    .122    .250   5.990    .006    .004    .005    .008    .010    .010
    .383    .158    .052    .036    .122    .249   5.973    .006    .004    .005    .007    .010    .010
    .382    .158    .052    .037    .123    .248   5.928    .006    .004    .005    .007    .010    .009
    .380    .158    .053    .039    .126    .244   5.816    .006    .004    .004    .007    .009    .009
    .377    .159    .054    .042    .130    .238   5.578    .005    .004    .004    .006    .008    .008
    .373    .160    .055    .047    .136    .228   5.178    .005    .003    .004    .005    .007    .007
    .373    .164    .055    .050    .140    .218   4.612    .005    .003    .004    .004    .006    .006
    .379    .168    .052    .049    .140    .211   3.841    .004    .002    .003    .003    .005    .005
    .373    .160    .055    .047    .136    .228   5.178    .005    .003    .004    .005    .007    .007
