 MGLB
   0.582   0.222   0.000   0.000   0.052   0.144   1.000
 HBN 
   0.537   0.223   0.000   0.000   0.105   0.136   1.000
 HMRT
   0.478   0.197   0.000   0.000   0.111   0.215   1.000
 T4LS
   0.421   0.244   0.049   0.037   0.116   0.134   1.000
 TPI 
   0.236   0.210   0.090   0.064   0.124   0.276   1.000
 LDH 
   0.277   0.161   0.088   0.073   0.155   0.246   1.000
 LYSM
   0.202   0.217   0.016   0.047   0.298   0.221   1.000
 THML
   0.282   0.133   0.070   0.095   0.215   0.206   1.000
 CYTC
   0.214   0.194   0.000   0.000   0.233   0.359   1.000
 PGK 
   0.210   0.135   0.043   0.067   0.231   0.313   1.000
 ECOR
   0.192   0.127   0.098   0.080   0.210   0.293   1.000
 FLVD
   0.209   0.108   0.108   0.108   0.264   0.203   1.000
 SUBB
   0.171   0.131   0.098   0.080   0.225   0.295   1.000
 GPD 
   0.172   0.102   0.115   0.093   0.217   0.301   1.000
 PAPN
   0.137   0.123   0.094   0.075   0.175   0.396   1.000
 SUBN
   0.113   0.102   0.065   0.073   0.295   0.353   1.000
 RNAS
   0.113   0.097   0.218   0.113   0.218   0.242   1.000
 PPSN
   0.051   0.154   0.235   0.151   0.165   0.243   1.000
 BLAC
   0.056   0.111   0.287   0.123   0.216   0.207   1.000
 CHYT
   0.069   0.045   0.208   0.106   0.200   0.371   1.000
 AZU 
   0.047   0.062   0.141   0.109   0.312   0.328   1.000
 ELAS
   0.021   0.087   0.225   0.117   0.208   0.342   1.000
 GCR 
   0.006   0.086   0.299   0.161   0.109   0.339   1.000
 PRAL
   0.031   0.031   0.307   0.142   0.165   0.323   1.000
 CONA
   0.000   0.038   0.329   0.135   0.236   0.262   1.000
 BNJN
   0.000   0.028   0.294   0.196   0.229   0.252   1.000
 TNF 
   0.000   0.019   0.293   0.140   0.219   0.329   1.000
 SUDS
   0.000   0.018   0.248   0.119   0.298   0.316   1.000
 BTOX
   0.000   0.000   0.014   0.095   0.284   0.608   1.000
 ColA
   0.529    .225    .000    .000    .044    .202   1.000
 IFBP
   0.053    .061    .432    .152    .152    .152   1.000
 GFP 
   0.004    .064    .347    .093    .191    .301   1.000
 CGA 
   0.053   0.082   0.210   0.110   0.210   0.335   1.000
 ADH 
   0.139   0.115   0.139   0.096   0.214   0.297   1.000
 CANH
   0.058   0.104   0.170   0.116   0.240   0.312   1.000
 GRS 
   0.188   0.142   0.140   0.096   0.172   0.262   1.000
 RHD 
   0.150   0.147   0.041   0.068   0.235   0.359   1.000
 RC_Viridis
   0.291   0.186   0.024   0.042   0.194   0.263
 PS_I Photosystem I
   0.363   0.193   0.025   0.029   0.167   0.222
 RC_Sphaeroides
   0.341   0.185   0.035   0.035   0.138   0.263
 AntC  A_Cmpna Complex
   0.569   0.161   0.00    0.00    0.086   0.183
 UCCR
   0.355   0.163   0.056   0.034   0.165   0.228
 CyCO Oxidase
   0.434   0.146   0.031   0.022   0.141   0.226
 Rhodopsin
   0.482   0.153   0.012   0.025   0.160   0.166
 BRho Bacteriorhodopsin
   0.605   0.154   0.035   0.017   0.109   0.079
 CA2+  ATPase
   0.286   0.154   0.087   0.058   0.203   0.211
 OMPF  OMPF
   0.01    0.035   0.462   0.118   0.223   0.153
 P_Cp Capsulatus
   0.027   0.040   0.462   0.106   0.193   0.172
 LamB Porin LamB
   0.00    0.028   0.482   0.114   0.159   0.216
 PhoE Phosphoporin 
   0.000   0.020   0.433   0.115   0.236   0.194
