 PR 1
   0.094   0.084   0.337   0.132   0.059   0.295
 PR 2
   0.000   0.000   0.335   0.099   0.123   0.443
 PR 3
   0.076   0.034   0.158   0.150   0.138   0.444
 PR 4
   0.013   0.013   0.364   0.123   0.068   0.419
 PR 5
   0.393   0.034   0.077   0.087   0.077   0.331
 PR 6
   0.059   0.042   0.213   0.138   0.109   0.439
 PR 7
   0.250   0.058   0.171   0.198   0.020   0.302
 PR 8
   0.593   0.122   0.036   0.061   0.025   0.165
 PR 9
   0.681   0.082   0.000   0.100   0.004   0.133
 PR10
   0.347   0.072   0.140   0.115   0.034   0.294
 PR11
   0.089   0.036   0.335   0.127   0.043   0.370
 PR12
   0.305   0.117   0.039   0.195   0.023   0.320
 PR13
   0.727   0.115   0.000   0.052   0.020   0.086
 PR14
   0.239   0.050   0.152   0.109   0.081   0.370
 PR15
   0.086   0.087   0.271   0.130   0.101   0.327
 PR16
   0.049   0.036   0.353   0.066   0.036   0.460
 PR17
   0.171   0.049   0.191   0.110   0.081   0.398
 PR19
   0.000   0.037   0.240   0.160   0.090   0.473
 PR20
   0.607   0.086   0.061   0.037   0.012   0.197
 PR21
   0.343   0.057   0.136   0.121   0.041   0.302
 PR22
   0.329   0.070   0.148   0.105   0.038   0.310
 PR23
   0.088   0.031   0.193   0.136   0.140   0.412
